# Number of parameters = 87  Objective function value = 1350.35  Maximum gradient component = 0.000103074
# log_initN_mult:
 -4.00000 -4.00000 4.00000 -0.512235 -3.12525 -2.12938 -2.76414 -3.62581 -3.24440 -3.71167 -3.61086 -3.68888 -3.28288 -3.11158 -2.95999 -4.00000 -2.01941 -1.93450 3.55120 3.25908
# logit_ySteepness:
2.36956747462
# ln_B0:
3.68887923982
# ln_M:
-3.65597694268
# ln_aSel50:
1.68656754046
# ln_aSelStep:
0.224173435499
# ln_aSelS50:
2.08011347807
# ln_aSelSStep:
1.30057937151
# rho:
0.100000000000
# omega:
 -3.32044938581 -4.99999992914 1.54727258723 2.58140354577 1.37747745127 3.58015612446 1.04836323421 4.99999889281 0.468865335405 4.99999992798 2.58049060646 4.82339182520 2.89275245536 1.05096805803 3.02588688995 0.537608766395 1.02629536934 3.39333492144 1.95203704850 0.341035591677 3.97347557971 1.12355338284 1.99299027759 0.955272938947 1.66706934886 1.04150802572 0.00000000000 0.00000000000 0.00000000000
# mDevs:
 -0.000160772310076 -0.000246612151730 -0.000147667167878 -0.000140215124389 -0.000140299981221 -0.000132609448397 -0.000125180397168 -0.000111565804567 -0.000110105968128 -1.32357415885e-05 -9.67261636280e-05 -9.15142907667e-05 -8.78495955443e-05 -8.45284667599e-05 -8.03327453445e-05 -7.67310108389e-05 -7.23089111470e-05 -6.75188513175e-05 -6.29877583518e-05 -5.81408333529e-05 -5.34707182342e-05 -4.96341770291e-05 -4.57265853826e-05 -4.14433347191e-05 -3.65790102301e-05 -3.15486935876e-05 4.65639351805e-05 3.42380750764e-05 -1.55190718338e-05 -9.43746491822e-06 -5.30103979424e-06
