# nIndexSeries
1 
# idxIndex
2
# idxRelative
1
# idxLikeWeight
1
# idxFirstYear
25 
# idxLastYear
56
# fracYearSurvey
0.75 
# idxSeries2(2633.258049) 
-1 -1 -1 -1 -1 -1 -1 -1 -1 -1 -1 -1 -1 -1 -1 -1 -1 -1 -1 -1 -1 -1 -1 -1 1341.569502 1403.028250 1044.528338 -1 1071.042051 1038.215534 1414.091647 1150.335506  733.821539  173.799087   43.950105    9.807731   12.026393   16.042426   16.598076   16.567140   28.367342  30.146305   31.241599   23.029607   12.826788   19.795492   27.533209   62.511908  103.039297  148.001103  142.988733  128.548652  121.697780  185.709341  298.019715  343.525077
# idxSeries3
-1 -1 -1 -1 -1 -1 -1 -1 -1 -1 -1 -1 -1 -1 -1 -1 -1 -1 -1 -1 -1 -1 -1 -1 1969804459  2188717215  1283767205  2494249534  1013054002  1170329529  2122525717  1605600628  1107335476  238303480.6 90708944.79 21798068.99 43466281.85 39209439.83 25622663.1  28735184.86 60663849.56 72298818.06 63291697.9  62370507.45 42859621.18 62575845.94 61133089.7  82735357.74 128504483.6 141245925.1 174980875.2 139351486.1 106373638.2 167270194.5 325654194.1 463375986.8
# init_tauIndex
0.589167 
# init_q
0.0463152 
# indexReadTest
123456